1700 10 0.01145475372279
1800 68 0.07789232531501
1900 5 0.00572737686140
2000 2 0.00229095074456
2200 109 0.12485681557847
2300 57 0.06529209621993
2400 7 0.00801832760596
2500 5 0.00572737686140
2600 3 0.00343642611684
2700 5 0.00572737686140
2800 4 0.00458190148912
2900 6 0.00687285223368
3000 5 0.00572737686140
3100 9 0.01030927835052
3200 18 0.02061855670103
3300 23 0.02634593356243
3400 50 0.05727376861397
3500 26 0.02978235967927
3600 42 0.04810996563574
3700 41 0.04696449026346
3800 59 0.06758304696449
3900 41 0.04696449026346
4000 31 0.03550973654066
4100 35 0.04009163802978
4200 25 0.02863688430699
4300 24 0.02749140893471
4400 16 0.01832760595647
4500 10 0.01145475372279
4600 7 0.00801832760596
4700 4 0.00458190148912
4800 7 0.00801832760596
4900 17 0.01947308132875
5000 22 0.02520045819015
5100 21 0.02405498281787
5200 12 0.01374570446735
5300 16 0.01832760595647
5400 6 0.00687285223368
5500 9 0.01030927835052
5600 5 0.00572737686140
5700 2 0.00229095074456
5800 2 0.00229095074456
5900 2 0.00229095074456
6100 2 0.00229095074456
6200 1 0.00114547537228
6600 1 0.00114547537228
8200 1 0.00114547537228
