3400 122 0.00198609731877
3600 15 0.00024419229329
3800 23 0.00037442818305
4000 38 0.00061862047634
4200 52 0.00084653328341
4400 75 0.00122096146646
4600 114 0.00185586142901
4800 53 0.00086281276963
5000 56 0.00091165122829
5200 64 0.00104188711804
5400 43 0.00070001790743
5600 47 0.00076513585231
5800 60 0.00097676917316
6000 52 0.00084653328341
6200 56 0.00091165122829
6400 49 0.00079769482475
6600 68 0.00110700506292
6800 74 0.00120468198024
7000 81 0.00131863838377
7200 128 0.00208377423609
7400 155 0.00252332036401
7600 198 0.00322333827144
7800 332 0.00540478942485
8000 442 0.00719553290898
8200 610 0.00993048659384
8400 822 0.01338173767236
8600 1117 0.01818418610709
8800 1404 0.02285639865206
9000 1709 0.02782164194898
9200 2083 0.03391016979504
9400 2325 0.03784980546014
9600 2592 0.04219642828072
9800 2833 0.04611978445960
10000 3002 0.04887101763068
10200 3085 0.05022221498690
10400 3015 0.04908265095154
10600 2993 0.04872450225471
10800 2958 0.04815472023703
11000 2938 0.04782913051264
11200 2790 0.04541976655217
11400 2631 0.04283132824328
11600 2625 0.04273365132596
11800 2345 0.03817539518453
12000 2093 0.03407296465724
12200 1817 0.02957982646068
12400 1595 0.02596578051997
12600 1395 0.02270988327608
12800 1249 0.02033307828805
13000 1059 0.01723997590636
13200 897 0.01460269913882
13400 801 0.01303986846175
13600 680 0.01107005062920
13800 556 0.00905139433799
14000 510 0.00830253797190
14200 437 0.00711413547788
14400 345 0.00561642274570
14600 277 0.00450941768278
14800 217 0.00353264850961
15000 184 0.00299542546437
15200 145 0.00236052550182
15400 143 0.00232796652938
15600 121 0.00196981783255
15800 107 0.00174190502548
16000 97 0.00157911016328
16200 69 0.00112328454914
16400 70 0.00113956403536
16600 60 0.00097676917316
16800 38 0.00061862047634
17000 23 0.00037442818305
17200 35 0.00056978201768
17400 20 0.00032558972439
17600 17 0.00027675126573
17800 11 0.00017907434841
18000 10 0.00016279486219
18200 16 0.00026047177951
18400 12 0.00019535383463
18600 15 0.00024419229329
18800 7 0.00011395640354
19000 6 0.00009767691732
19200 4 0.00006511794488
19400 5 0.00008139743110
19600 1 0.00001627948622
19800 2 0.00003255897244
20000 1 0.00001627948622
20200 1 0.00001627948622
20400 3 0.00004883845866
21200 1 0.00001627948622
24600 1 0.00001627948622
