600 10 0.00282725473565
700 297 0.08396946564885
800 144 0.04071246819338
900 623 0.17613797003110
1000 156 0.04410517387617
1100 97 0.02742437093582
1200 52 0.01470172462539
1300 102 0.02883799830365
1400 287 0.08114221091320
1500 237 0.06700593723494
1600 295 0.08340401470172
1700 206 0.05824144755442
1800 231 0.06530958439355
1900 153 0.04325699745547
2000 129 0.03647158608991
2100 71 0.02007350862313
2200 107 0.03025162567147
2300 97 0.02742437093582
2400 49 0.01385354820469
2500 34 0.00961266610122
2600 30 0.00848176420696
2700 24 0.00678541136556
2800 29 0.00819903873339
2900 20 0.00565450947130
3000 14 0.00395815662991
3100 8 0.00226180378852
3200 13 0.00367543115635
3300 1 0.00028272547357
3400 3 0.00084817642070
3500 3 0.00084817642070
3600 4 0.00113090189426
3700 4 0.00113090189426
3800 7 0.00197907831496
